20
XP_025261308.1 0.0000000 0.0898305 0.1037464 0.0518793 0.1144268 0.0440893 0.0443425 0.0293419 0.0219332 0.0443425 0.0443819 0.0294217 0.0517516 0.0815622 0.0444400 0.0072602 0.1285849 0.0741347 0.0366066 0.0145427 
XP_032134401.1 0.0898305 0.0000000 0.1666446 0.1050410 0.1619387 0.1205001 0.0972799 0.1053578 0.0975293 0.0972799 0.0973919 0.0819603 0.1047785 0.0514223 0.0975131 0.0819698 0.1832370 0.0588099 0.0966562 0.0895332 
XP_015990567.2 0.1037464 0.1666446 0.0000000 0.1622692 0.1229983 0.1191964 0.1541557 0.1572346 0.1113778 0.1199177 0.1200690 0.1045111 0.1274127 0.1575386 0.1202145 0.0959179 0.0368819 0.1500961 0.1113874 0.1034042 
PNI67080.1     0.0518793 0.1050410 0.1622692 0.0000000 0.1231308 0.0820786 0.0433827 0.0825958 0.0594262 0.0443114 0.0516946 0.0218993 0.0590440 0.0966100 0.0072265 0.0442637 0.1271937 0.0891742 0.0661386 0.0517131 
XP_011224853.1 0.1144268 0.1619387 0.1229983 0.1231308 0.0000000 0.1303684 0.1236826 0.1303105 0.1222949 0.1236826 0.1313623 0.0993883 0.1388897 0.1527284 0.1154318 0.1063308 0.1400689 0.1451553 0.1223075 0.1140364 
XP_033086464.1 0.0440893 0.1205001 0.1191964 0.0820786 0.1303684 0.0000000 0.0744152 0.0293741 0.0366469 0.0744152 0.0744923 0.0592673 0.0818749 0.0966158 0.0745870 0.0365741 0.1444769 0.0891260 0.0219568 0.0439500 
PNJ73451.1     0.0443425 0.0972799 0.1541557 0.0433827 0.1236826 0.0744152 0.0000000 0.0748772 0.0518518 0.0000010 0.0441844 0.0219871 0.0515205 0.0889464 0.0369011 0.0367823 0.1209420 0.0815268 0.0586334 0.0442015 
XP_011805264.1 0.0293419 0.1053578 0.1572346 0.0825958 0.1303105 0.0293741 0.0748772 0.0000000 0.0219477 0.0594519 0.0595092 0.0443817 0.0669045 0.0968945 0.0595862 0.0219050 0.1444131 0.0741886 0.0219474 0.0292502 
XP_023075176.1 0.0219332 0.0975293 0.1113778 0.0594262 0.1222949 0.0366469 0.0518518 0.0219477 0.0000000 0.0518518 0.0518998 0.0368631 0.0592795 0.0891680 0.0519673 0.0145548 0.1364198 0.0665589 0.0292092 0.0218652 
P0CB68.1       0.0443425 0.0972799 0.1199177 0.0443114 0.1236826 0.0744152 0.0000010 0.0594519 0.0518518 0.0000000 0.0441844 0.0219871 0.0515205 0.0889464 0.0369011 0.0367823 0.1209420 0.0815268 0.0586334 0.0442015 
XP_030659807.1 0.0443819 0.0973919 0.1200690 0.0516946 0.1313623 0.0744923 0.0441844 0.0595092 0.0518998 0.0441844 0.0000000 0.0293166 0.0218662 0.0890443 0.0442812 0.0368136 0.1281370 0.0816137 0.0586889 0.0442406 
NP_001266520.1 0.0294217 0.0819603 0.1045111 0.0218993 0.0993883 0.0592673 0.0219871 0.0443817 0.0368631 0.0219871 0.0293166 0.0000000 0.0366303 0.0738085 0.0145881 0.0219646 0.1040742 0.0664153 0.0437813 0.0293295 
XP_032610702.1 0.0517516 0.1047785 0.1274127 0.0590440 0.1388897 0.0818749 0.0515205 0.0669045 0.0592795 0.0515205 0.0218662 0.0366303 0.0000000 0.0814999 0.0516344 0.0441553 0.1354941 0.0889538 0.0659772 0.0515862 
XP_002749725.2 0.0815622 0.0514223 0.1575386 0.0966100 0.1527284 0.0966158 0.0889464 0.0968945 0.0891680 0.0889464 0.0890443 0.0738085 0.0814999 0.0000000 0.0891551 0.0738153 0.1738985 0.0363805 0.0883853 0.0812962 
XP_008972488.1 0.0444400 0.0975131 0.1202145 0.0072265 0.1154318 0.0745870 0.0369011 0.0595862 0.0519673 0.0369011 0.0442812 0.0145881 0.0516344 0.0891551 0.0000000 0.0368619 0.1197076 0.0817162 0.0587638 0.0442984 
XP_003907894.1 0.0072602 0.0819698 0.0959179 0.0442637 0.1063308 0.0365741 0.0367823 0.0219050 0.0145548 0.0367823 0.0368136 0.0219646 0.0441553 0.0738153 0.0368619 0.0000000 0.1204859 0.0664200 0.0291520 0.0072381 
XP_006921444.1 0.1285849 0.1832370 0.0368819 0.1271937 0.1400689 0.1444769 0.1209420 0.1444131 0.1364198 0.1209420 0.1281370 0.1040742 0.1354941 0.1738985 0.1197076 0.1204859 0.0000000 0.1664240 0.1272931 0.1281456 
XP_039325526.1 0.0741347 0.0588099 0.1500961 0.0891742 0.1451553 0.0891260 0.0815268 0.0741886 0.0665589 0.0815268 0.0816137 0.0664153 0.0889538 0.0363805 0.0817162 0.0664200 0.1664240 0.0000000 0.0659925 0.0738940 
XP_010350948.1 0.0366066 0.0966562 0.1113874 0.0661386 0.1223075 0.0219568 0.0586334 0.0219474 0.0292092 0.0586334 0.0586889 0.0437813 0.0659772 0.0883853 0.0587638 0.0291520 0.1272931 0.0659925 0.0000000 0.0364919 
Q4R6K9.1       0.0145427 0.0895332 0.1034042 0.0517131 0.1140364 0.0439500 0.0442015 0.0292502 0.0218652 0.0442015 0.0442406 0.0293295 0.0515862 0.0812962 0.0442984 0.0072381 0.1281456 0.0738940 0.0364919 0.0000000 
